********************************************************************************
DFS with restart
   n      goals      nodes     time goals/sec
********************************************************************************
DFS with restart
   n      goals      nodes     time goals/sec
   8          8          0    0.001        8
   9         10          0    0.001       10
  10         16          0    0.002       16
  11         55          0    0.005       55
  12         10          0    0.001       10
  13         83          0    0.008       83
  14         24          0    0.003       24
  15         35          0    0.006       35
  16         23          0    0.004       23
  17         36          0    0.007       36
  18         15          0    0.002       15
  19         93          0    0.019       93
  20         58          0    0.009       58
  21        102          0    0.019      102
  22         29          0    0.006       29
  23        107          0    0.023      107
  24         28          0    0.005       28
  25         54          0    0.010       54
  26         37          0    0.007       37
  27         28          0    0.006       28
  28         28          0    0.005       28
  29        151          0    0.033      151
  30         33          0    0.008       33
  31        145          0    0.040      145
  32        150          0    0.038      150
  33         76          0    0.022       76
  34        233          0    0.071      233
  35         58          0    0.018       58
  36         46          0    0.013       46
  37         53          0    0.018       53
  38         42          0    0.011       42
  39         44          0    0.012       44
  40         39          0    0.013       39
  41         63          0    0.023       63
  42         45          0    0.016       45
  43         39          0    0.013       39
  44         73          0    0.023       73
  45         51          0    0.019       51
  46        287          0    0.095      287
  47         83          0    0.031       83
  48        157          0    0.053      157
  49         75          0    0.025       75
  50         93          0    0.038       93
  51         76          0    0.033       76
  52         71          0    0.028       71
  53         47          0    0.016       47
  54         52          0    0.022       52
  55         73          0    0.031       73
  56         69          0    0.031       69
  57        532          0    0.214      532
  58         52          0    0.023       52
  59        386          0    0.169      386
  60         49          0    0.026       49
  61        212          0    0.082      212
  62        822          0    0.373      822
  63        303          0    0.143      303
  64         78          0    0.037       78
  65        343          0    0.143      343
  66         76          0    0.039       76
  67         90          0    0.046       90
  68         82          0    0.048       82
  69        753          0    0.342      753
  70        168          0    0.092      168
  71        171          0    0.085      171
  72        172          0    0.086      172
  73        214          0    0.113      214
  74        110          0    0.058      110
  75        529          0    0.282      529
  76        116          0    0.063      116
  77        263          0    0.142      263
  78        379          0    0.265      379
  79        146          0    0.097      146
  80        120          0    0.095      120
  81        914          0    0.637      914
  82         87          0    0.068       87
  83        270          0    0.189      270
  84        414          0    0.318      414
  85        142          0    0.088      142
  86         93          0    0.065       93
  87        415          0    0.357      415
  88        107          0    0.076      107
  89        797          0    0.562      797
  90         96          0    0.064       96
  91        537          0    0.376      537
  92        851          0    0.643      851
  93        129          0    0.103      129
  94         88          0    0.071       88
  95        596          0    0.461      596
  96       1069          0    0.741     1069
  97        117          0    0.083      117
  98        506          0    0.396      506
  99        488          0    0.436      488
 100         93          0    0.140       93
 101        486          0    0.433      486
 102        894          0    0.732      894
 103        118          0    0.106      118
 104        142          0    0.117      142
 105        104          0    0.095      104
 106        591          0    0.426      591
 107        108          0    0.108      108
 108        109          0    0.099      109
 109        532          0    0.405      532
 110       1814          0    1.720     1814
 111        180          0    0.156      180
 112        131          0    0.130      131
 113       1032          0    1.047     1032
 114       1900          0    1.779     1900
 115        248          0    0.220      248
 116        562          0    0.529      562
 117        133          0    0.144      133
 118        157          0    0.162      157
 119        638          0    0.677      638
 120        134          0    0.136      134
 121        139          0    0.159      139
 122        183          0    0.198      183
 123       1331          0    1.536     1331
 124        174          0    0.214      174
 125        625          0    0.656      625
 126        459          0    0.483      459
 127        127          0    0.149      127
 128        610          0    0.803      610
 129       1675          0    2.065     1675
 130        632          0    0.681      632
 131        661          0    0.752      661
 132        139          0    0.170      139
 133        129          0    0.158      129
 134        664          0    0.596      664
 135        177          0    0.201      177
 136       1185          0    1.523     1185
 137        130          0    0.216      130
 138        159          0    0.205      159
 139       2304          0    2.763     2304
 140        131          0    0.201      131
 141        175          0    0.228      175
 142        690          0    0.948      690
 143        694          0    0.927      694
 144       1823          0    2.338     1823
 145        694          0    1.069      694
 146       3547          0    5.172     3547
 147        702          0    1.051      702
 148        154          0    0.212      154
 149        222          0    0.284      222
 150        148          0    0.213      148
 151        803          0    1.116      803
 152        149          0    0.221      149
 153        145          0    0.219      145
 154        370          0    0.420      370
 155        156          0    0.239      156
 156       1358          0    2.088     1358
 157        157          0    0.274      157
 158        156          0    0.323      156
 159        159          0    0.287      159
 160        231          0    0.352      231
********************************************************************************
DFS with restart
   n      goals      nodes     time goals/sec
   8          7          0    0.001        7
   9          6          0    0.001        6
  10         30          0    0.002       30
  11         49          0    0.004       49
  12         16          0    0.002       16
  13         18          0    0.002       18
  14         90          0    0.009       90
  15         17          0    0.002       17
  16         69          0    0.008       69
  17         74          0    0.011       74
  18         39          0    0.006       39
  19         25          0    0.004       25
  20         22          0    0.005       22
  21         22          0    0.003       22
  22         19          0    0.003       19
  23         24          0    0.004       24
  24         30          0    0.006       30
  25         30          0    0.005       30
  26         31          0    0.005       31
  27        131          0    0.030      131
  28         68          0    0.012       68
  29         48          0    0.013       48
  30         24          0    0.005       24
  31         68          0    0.017       68
  32         55          0    0.012       55
  33         41          0    0.009       41
  34         32          0    0.008       32
  35         69          0    0.023       69
  36         71          0    0.015       71
  37         44          0    0.014       44
  38         69          0    0.022       69
  39         36          0    0.013       36
  40         50          0    0.012       50
  41        128          0    0.038      128
  42        371          0    0.110      371
  43        229          0    0.070      229
  44        104          0    0.033      104
  45         68          0    0.025       68
  46        397          0    0.132      397
  47         43          0    0.015       43
  48         96          0    0.033       96
  49         93          0    0.033       93
  50         50          0    0.021       50
  51         47          0    0.019       47
  52         75          0    0.026       75
  53        168          0    0.070      168
  54         48          0    0.018       48
  55         53          0    0.024       53
  56        434          0    0.165      434
  57         50          0    0.019       50
  58        283          0    0.117      283
  59        101          0    0.042      101
  60        181          0    0.080      181
  61        183          0    0.080      183
  62        117          0    0.051      117
  63        177          0    0.089      177
  64         95          0    0.047       95
  65         73          0    0.033       73
  66         81          0    0.041       81
  67        827          0    0.397      827
  68         77          0    0.044       77
  69         67          0    0.031       67
  70        336          0    0.173      336
  71        487          0    0.231      487
  72        194          0    0.101      194
  73        639          0    0.349      639
  74        351          0    0.199      351
  75         99          0    0.050       99
  76        198          0    0.110      198
  77         71          0    0.050       71
  78        905          0    0.522      905
  79        425          0    0.202      425
  80        138          0    0.077      138
  81         82          0    0.052       82
  82         90          0    0.060       90
  83        315          0    0.193      315
  84         82          0    0.057       82
  85        144          0    0.082      144
  86        158          0    0.103      158
  87        754          0    0.544      754
  88        423          0    0.294      423
  89        429          0    0.283      429
  90         97          0    0.062       97
********************************************************************************
DFS with restart
   n      goals      nodes     time goals/sec
   8         23          0    0.003       23
   9          8          0    0.001        8
  10         10          0    0.001       10
  11         20          0    0.003       20
  12         13          0    0.001       13
  13         60          0    0.006       60
  14         45          0    0.004       45
  15         20          0    0.002       20
  16         31          0    0.003       31
  17         25          0    0.003       25
  18         30          0    0.005       30
  19         17          0    0.004       17
  20         63          0    0.011       63
  21         22          0    0.005       22
  22         70          0    0.012       70
  23         29          0    0.005       29
  24         27          0    0.006       27
  25         27          0    0.004       27
  26         42          0    0.008       42
  27         25          0    0.005       25
  28         34          0    0.007       34
  29        156          0    0.033      156
  30         41          0    0.009       41
  31         66          0    0.014       66
  32        206          0    0.046      206
  33        158          0    0.038      158
  34        178          0    0.044      178
  35         33          0    0.011       33
  36         80          0    0.021       80
  37         69          0    0.019       69
  38         85          0    0.021       85
  39         43          0    0.010       43
  40        140          0    0.043      140
  41         52          0    0.016       52
  42         43          0    0.013       43
  43        204          0    0.062      204
  44         40          0    0.013       40
  45         85          0    0.025       85
  46         48          0    0.015       48
  47        332          0    0.115      332
  48         44          0    0.014       44
  49         42          0    0.015       42
  50         67          0    0.025       67
  51         66          0    0.026       66
  52        187          0    0.070      187
  53         64          0    0.025       64
  54         68          0    0.028       68
  55        254          0    0.087      254
  56        146          0    0.058      146
  57        147          0    0.055      147
  58        115          0    0.047      115
  59        205          0    0.079      205
  60        291          0    0.125      291
  61        124          0    0.057      124
  62         83          0    0.032       83
  63         59          0    0.038       59
  64         59          0    0.024       59
  65         85          0    0.041       85
  66         82          0    0.040       82
  67        462          0    0.194      462
  68        111          0    0.060      111
  69        131          0    0.066      131
  70        208          0    0.104      208
  71         98          0    0.054       98
  72         72          0    0.042       72
  73        357          0    0.186      357
  74         75          0    0.042       75
  75        122          0    0.065      122
  76        749          0    0.437      749
  77        225          0    0.118      225
  78        104          0    0.069      104
  79        282          0    0.160      282
  80        387          0    0.249      387
  81        869          0    0.546      869
  82        633          0    0.354      633
  83        476          0    0.298      476
  84        106          0    0.074      106
********************************************************************************
DFS with restart
   n      goals      nodes     time goals/sec
   8         19          0    0.002     8148
   9         12          0    0.001    12739
  10          7          0    0.001    11215
  11         22          0    0.002    12843
  12         18          0    0.002    10465
  13         44          0    0.004    10554
  14         20          0    0.002    10466
  15         18          0    0.002     9454
  16         41          0    0.005     8819
  17         76          0    0.013     5832
  18         12          0    0.003     4072
  19         41          0    0.007     6234
  20         35          0    0.006     5459
  21         50          0    0.008     6010
  22         44          0    0.010     4338
  23         22          0    0.006     3856
  24         19          0    0.004     4689
  25         22          0    0.004     5285
  26         40          0    0.007     5574
  27         32          0    0.006     5483
  28         23          0    0.004     5719
  29         51          0    0.010     5094
  30        140          0    0.033     4260
  31         25          0    0.005     4663
  32         33          0    0.006     5267
  33         55          0    0.015     3670
  34         63          0    0.018     3438
  35         29          0    0.006     4696
  36        200          0    0.056     3582
  37        258          0    0.065     3996
  38         43          0    0.013     3258
  39         44          0    0.014     3171
  40        214          0    0.063     3403
  41         39          0    0.011     3698
  42         39          0    0.010     3841
  43         73          0    0.026     2837
  44         49          0    0.017     2961
  45         41          0    0.012     3291
  46         42          0    0.020     2096
  47         42          0    0.013     3307
  48        224          0    0.086     2598
  49        151          0    0.048     3168
  50         66          0    0.021     3188
  51         68          0    0.030     2248
  52         90          0    0.027     3358
  53        145          0    0.064     2275
  54         47          0    0.020     2334
  55         71          0    0.032     2202
  56         71          0    0.024     2997
  57         75          0    0.030     2524
  58        278          0    0.105     2642
  59         57          0    0.028     2057
  60         64          0    0.027     2367
  61       1245          0    0.533     2336
  62         59          0    0.023     2584
  63        245          0    0.103     2382
  64         71          0    0.039     1840
  65        326          0    0.137     2380
  66         59          0    0.028     2077
  67         84          0    0.040     2100
  68         60          0    0.026     2281
  69        415          0    0.201     2063
  70        343          0    0.166     2060
  71         67          0    0.042     1612
  72        188          0    0.103     1822
  73        345          0    0.158     2188
  74         87          0    0.042     2093
  75        184          0    0.093     1975
  76         91          0    0.054     1688
  77         80          0    0.052     1546
  78        409          0    0.208     1968
  79         94          0    0.053     1762
  80         82          0    0.050     1652
  81         76          0    0.054     1399
  82        800          0    0.481     1663
  83        101          0    0.073     1387
  84        105          0    0.069     1512
  85        737          0    0.448     1644
  86        213          0    0.133     1599
  87         94          0    0.063     1486
  88       1546          0    0.964     1604
  89        636          0    0.435     1463
  90         86          0    0.065     1323
  91        146          0    0.117     1244
  92       1155          0    0.828     1395
  93       1173          0    0.789     1487
  94        465          0    0.365     1274
  95       1961          0    1.333     1471
  96        118          0    0.088     1347
  97         97          0    0.082     1184
  98        862          0    0.647     1333
  99        101          0    0.086     1172
 100        501          0    0.340     1472
 101       1038          0    0.770     1347
 102        103          0    0.093     1106
 103        182          0    0.129     1406
 104        127          0    0.094     1350
 105        930          0    0.768     1211
 106        169          0    0.133     1272
 107        103          0    0.110      936
 108        148          0    0.118     1254
 109        544          0    0.406     1341
 110       1801          0    1.441     1249
 111        109          0    0.106     1031
 112        156          0    0.134     1160
 113       1188          0    1.003     1185
 114        546          0    0.441     1238
 115        114          0    0.110     1034
 116        106          0    0.106      999
 117        118          0    0.116     1021
 118       1481          0    1.416     1046
 119        578          0    0.512     1128
 120       2439          0    2.276     1072
 121        695          0    0.554     1255
 122       1382          0    1.462      945
 123        407          0    0.424      961
 124        218          0    0.237      920
 125       1109          0    1.318      842
 126        632          0    0.657      962
 127       1098          0    1.209      908
 128        619          0    0.751      824
 129       1118          0    1.112     1005
 130       1188          0    2.418      491
********************************************************************************
DFS with restart
   n      goals      nodes     time goals/sec
********************************************************************************
DFS with restart
   n      goals      nodes     time goals/sec
   8          9          0    0.001     7972
   9         12          0    0.001    12258
  10         18          0    0.003     6837
  11         12          0    0.001    10195
  12         38          0    0.005     7879
  13          9          0    0.002     4792
  14         13          0    0.002     7182
  15         11          0    0.002     5708
  16         47          0    0.006     7744
  17         26          0    0.003     8725
  18         26          0    0.003     8401
  19         20          0    0.002     8241
  20        108          0    0.019     5805
  21         38          0    0.006     5971
  22         46          0    0.007     6406
  23         18          0    0.003     6640
  24         62          0    0.011     5482
  25         21          0    0.003     6031
  26         19          0    0.004     5255
  27         28          0    0.005     6000
  28         40          0    0.010     3930
  29         73          0    0.013     5701
  30        143          0    0.034     4207
  31         46          0    0.010     4618
  32         86          0    0.017     4983
  33         76          0    0.022     3479
  34         67          0    0.016     4250
  35         51          0    0.013     3983
  36         40          0    0.011     3750
  37         33          0    0.008     4266
  38         34          0    0.009     3782
  39         36          0    0.010     3768
  40        104          0    0.027     3821
  41         70          0    0.017     4006
  42         88          0    0.027     3303
  43         87          0    0.028     3146
  44        145          0    0.044     3265
  45         67          0    0.022     2996
  46        116          0    0.040     2887
  47         70          0    0.022     3125
  48         53          0    0.017     3162
  49         44          0    0.014     3214
  50         59          0    0.018     3309
  51        440          0    0.155     2843
  52        301          0    0.112     2687
  53        252          0    0.089     2819
  54        150          0    0.061     2475
  55         64          0    0.021     3115
  56        195          0    0.066     2940
  57         72          0    0.027     2684
  58         99          0    0.040     2476
  59        511          0    0.194     2631
  60         71          0    0.028     2558
  61        348          0    0.149     2334
  62        425          0    0.191     2222
  63        302          0    0.139     2173
  64        581          0    0.265     2189
  65        153          0    0.070     2200
  66        318          0    0.162     1960
  67        471          0    0.207     2274
  68         80          0    0.043     1858
  69         79          0    0.037     2119
  70         83          0    0.044     1867
********************************************************************************
DFS with restart
   n      goals      nodes     time goals/sec
********************************************************************************
DFS with restart
   n      goals      nodes     time goals/sec
********************************************************************************
DFS with restart
   n      goals      nodes     time goals/sec
********************************************************************************
DFS with restart
   n      goals      nodes     time goals/sec
********************************************************************************
DFS with restart
   n      goals      nodes     time goals/sec
********************************************************************************
DFS with restart
   n      goals      nodes     time goals/sec
********************************************************************************
DFS with restart
   n      goals      nodes     time goals/sec
********************************************************************************
DFS with restart
   n      goals      nodes     time goals/sec
********************************************************************************
DFS with restart
   n      goals      nodes     time goals/sec
********************************************************************************
DFS with restart
   n      goals      nodes     time goals/sec
********************************************************************************
DFS with restart
   n      goals      nodes     time goals/sec
********************************************************************************
DFS with restart
   n      goals      nodes     time goals/sec
********************************************************************************
DFS with restart
   n      goals      nodes     time goals/sec
********************************************************************************
DFS with restart
   n      goals      nodes     time goals/sec
********************************************************************************
DFS with restart
   n      goals      nodes     time goals/sec
********************************************************************************
DFS with restart
   n      goals      nodes     time goals/sec
********************************************************************************
DFS with restart
   n      goals      nodes     time goals/sec
   9         62          0    0.380      163
********************************************************************************
DFS with restart
   n      goals      nodes     time goals/sec
   9       1210          0   12.564       96
********************************************************************************
DFS with restart
   n      goals      nodes     time goals/sec
********************************************************************************
DFS with restart
   n      goals      nodes     time goals/sec
********************************************************************************
DFS with restart
   n      goals      nodes     time goals/sec
********************************************************************************
DFS with restart
   n      goals      nodes     time goals/sec
********************************************************************************
DFS with restart
   n      goals      nodes     time goals/sec
   9         67          0    0.409      164
********************************************************************************
DFS with restart
   n      goals      nodes     time goals/sec
   9         71          0    0.606      117
********************************************************************************
DFS with restart
   n      goals      nodes     time goals/sec
   9         47          0    0.317      148
********************************************************************************
DFS with restart
   n      goals      nodes     time goals/sec
   9         59          0    0.384      154
********************************************************************************
DFS with restart
   n      goals      nodes     time goals/sec
   9         43          0    0.321      134
********************************************************************************
DFS with restart
   n      goals      nodes     time goals/sec
   9        270          0    2.506      108
********************************************************************************
DFS with restart
   n      goals      nodes     time goals/sec
   9         39          0    0.289      135
********************************************************************************
DFS with restart
   n      goals      nodes     time goals/sec
   9         40          0    0.194      206
********************************************************************************
DFS with restart
   n      goals      nodes     time goals/sec
   9         76          0    0.593      128
********************************************************************************
DFS with restart
   n      goals      nodes     time goals/sec
   9         68          0    0.523      130
********************************************************************************
DFS with restart
   n      goals      nodes     time goals/sec
   9         49          0    0.323      152
********************************************************************************
DFS with restart
   n      goals      nodes     time goals/sec
   9         47          0    0.313      150
********************************************************************************
DFS with restart
   n      goals      nodes     time goals/sec
   9         78          0    0.521      150
********************************************************************************
DFS with restart
   n      goals      nodes     time goals/sec
   9         73          0    0.518      141
********************************************************************************
DFS with restart
   n      goals      nodes     time goals/sec
   9        151          0    1.299      116
********************************************************************************
DFS with restart
   n      goals      nodes     time goals/sec
   9         39          0    0.224      174
********************************************************************************
DFS with restart
   n      goals      nodes     time goals/sec
   9         47          0    0.260      181
********************************************************************************
DFS with restart
   n      goals      nodes     time goals/sec
   9         37          0    0.192      192
********************************************************************************
DFS with restart
   n      goals      nodes     time goals/sec
   9        111          0    0.811      137
********************************************************************************
DFS with restart
   n      goals      nodes     time goals/sec
   9         67          0    0.512      131
********************************************************************************
DFS with restart
   n      goals      nodes     time goals/sec
   9         55          0    0.335      164
********************************************************************************
DFS with restart
   n      goals      nodes     time goals/sec
   9         66          0    0.501      132
********************************************************************************
DFS with restart
   n      goals      nodes     time goals/sec
   9         36          0    0.234      154
********************************************************************************
DFS with restart
   n      goals      nodes     time goals/sec
   9         45          0    0.223      202
********************************************************************************
DFS with restart
   n      goals      nodes     time goals/sec
   9         66          0    0.534      124
********************************************************************************
DFS with restart
   n      goals      nodes     time goals/sec
   9         38          0    0.281      135
********************************************************************************
DFS with restart
   n      goals      nodes     time goals/sec
   9        549          0    4.802      114
********************************************************************************
DFS with restart
   n      goals      nodes     time goals/sec
   9         66          0    0.403      164
********************************************************************************
DFS with restart
   n      goals      nodes     time goals/sec
   9         76          0    0.518      147
********************************************************************************
DFS with restart
   n      goals      nodes     time goals/sec
   9         64          0    0.565      113
********************************************************************************
DFS with restart
   n      goals      nodes     time goals/sec
   9         40          0    2.387       17
********************************************************************************
DFS with restart
   n      goals      nodes     time goals/sec
********************************************************************************
DFS with restart
   n      goals      nodes     time goals/sec
********************************************************************************
DFS with restart
   n      goals      nodes     time goals/sec
   9          1          0    0.000    66576
********************************************************************************
DFS with restart
   n      goals      nodes     time goals/sec
   9         37          0    2.140       17
********************************************************************************
DFS with restart
   n      goals      nodes     time goals/sec
********************************************************************************
DFS with restart
   n      goals      nodes     time goals/sec
********************************************************************************
DFS with restart
   n      goals      nodes     time goals/sec
********************************************************************************
DFS with restart
   n      goals      nodes     time goals/sec
********************************************************************************
DFS with restart
   n      goals      nodes     time goals/sec
   9         44          0    0.311      142
********************************************************************************
DFS with restart
   n      goals      nodes     time goals/sec
   9         43          0    0.326      132
********************************************************************************
DFS with restart
   n      goals      nodes     time goals/sec
   9        151          0    1.300      116
********************************************************************************
DFS with restart
   n      goals      nodes     time goals/sec
   9        148          0    1.222      121
********************************************************************************
DFS with restart
   n      goals      nodes     time goals/sec
   9         73          0    0.393      186
********************************************************************************
DFS with restart
   n      goals      nodes     time goals/sec
   9         39          0    0.303      129
********************************************************************************
DFS with restart
   n      goals      nodes     time goals/sec
   9         81          0    0.591      137
********************************************************************************
DFS with restart
   n      goals      nodes     time goals/sec
   9         42          0    0.243      173
********************************************************************************
DFS with restart
   n      goals      nodes     time goals/sec
   9        113          0    1.001      113
********************************************************************************
DFS with restart
   n      goals      nodes     time goals/sec
   9         26          0    0.141      185
********************************************************************************
DFS with restart
   n      goals      nodes     time goals/sec
   9         68          0    0.595      114
********************************************************************************
DFS with restart
   n      goals      nodes     time goals/sec
   9         26          0    0.182      143
********************************************************************************
DFS with restart
   n      goals      nodes     time goals/sec
   9         48          0    0.339      142
********************************************************************************
DFS with restart
   n      goals      nodes     time goals/sec
   9        211          0    1.932      109
********************************************************************************
DFS with restart
   n      goals      nodes     time goals/sec
   9         77          0    0.593      130
********************************************************************************
DFS with restart
   n      goals      nodes     time goals/sec
   9        518          0    4.630      112
********************************************************************************
DFS with restart
   n      goals      nodes     time goals/sec
   9        160          0    1.298      123
********************************************************************************
DFS with restart
   n      goals      nodes     time goals/sec
   9         84          0    0.630      133
********************************************************************************
DFS with restart
   n      goals      nodes     time goals/sec
   9         48          0    0.315      152
********************************************************************************
DFS with restart
   n      goals      nodes     time goals/sec
********************************************************************************
DFS with restart
   n      goals      nodes     time goals/sec
   9         36          0    0.160      225
********************************************************************************
DFS with restart
   n      goals      nodes     time goals/sec
   9        126          0    0.963      131
********************************************************************************
DFS with restart
   n      goals      nodes     time goals/sec
   9         40          0    0.272      147
********************************************************************************
DFS with restart
   n      goals      nodes     time goals/sec
   9         32          0    0.244      131
********************************************************************************
DFS with restart
   n      goals      nodes     time goals/sec
   9         41          0    0.292      140
********************************************************************************
DFS with restart
   n      goals      nodes     time goals/sec
   9         42          0    0.327      128
********************************************************************************
DFS with restart
   n      goals      nodes     time goals/sec
   9        349          0    3.112      112
********************************************************************************
DFS with restart
   n      goals      nodes     time goals/sec
   9         36          0    0.259      139
********************************************************************************
DFS with restart
   n      goals      nodes     time goals/sec
   9         33          0    0.247      134
********************************************************************************
DFS with restart
   n      goals      nodes     time goals/sec
   9         33          0    0.172      192
********************************************************************************
DFS with restart
   n      goals      nodes     time goals/sec
   9        836          0    7.467      112
********************************************************************************
DFS with restart
   n      goals      nodes     time goals/sec
   9       4944          0   40.681      122
********************************************************************************
DFS with restart
   n      goals      nodes     time goals/sec
********************************************************************************
DFS with restart
   n      goals      nodes     time goals/sec
   9         34          0    0.279      122
********************************************************************************
DFS with restart
   n      goals      nodes     time goals/sec
   9         94          0    0.784      120
********************************************************************************
DFS with restart
   n      goals      nodes     time goals/sec
   9         40          0    0.280      143
********************************************************************************
DFS with restart
   n      goals      nodes     time goals/sec
   9         59          0    0.383      154
********************************************************************************
DFS with restart
   n      goals      nodes     time goals/sec
   9         49          0    0.333      147
********************************************************************************
DFS with restart
   n      goals      nodes     time goals/sec
   9         84          0    0.563      149
********************************************************************************
DFS with restart
   n      goals      nodes     time goals/sec
********************************************************************************
DFS with restart
   n      goals      nodes     time goals/sec
********************************************************************************
DFS with restart
   n      goals      nodes     time goals/sec
   9        128          0    1.170      109
********************************************************************************
   n      goals      nodes     time goals/sec
   9         53          0    0.281      189
********************************************************************************
   n      goals      nodes     time goals/sec
   9         32          0    0.219      146
********************************************************************************
   n      goals      nodes     time goals/sec
   9         22          0    0.120      183
********************************************************************************
   n      goals      nodes     time goals/sec
   9        270          0    2.241      120
********************************************************************************
   n      goals      nodes     time goals/sec
   9         42          0    0.286      147
********************************************************************************
   n      goals      nodes     time goals/sec
   9        240          0    1.994      120
********************************************************************************
   n      goals      nodes     time goals/sec
   9        310          0    2.653      117
********************************************************************************
   n      goals      nodes     time goals/sec
   9        203          0    1.627      125
********************************************************************************
   n      goals      nodes     time goals/sec
   9         69          0    0.517      134
********************************************************************************
   n      goals      nodes     time goals/sec
   9        161          0   11.430       14
********************************************************************************
   n      goals      nodes     time goals/sec
   9        121          0    5.789       21
********************************************************************************
   n      goals      nodes     time goals/sec
   9        119          0    2.493       48
********************************************************************************
   n      goals      nodes     time goals/sec
   9         41          0    0.248      165
********************************************************************************
   n      goals      nodes     time goals/sec
   9         41          0    0.243      169
********************************************************************************
   n      goals      nodes     time goals/sec
   9         41          0    0.244      168
********************************************************************************
   n      goals      nodes     time goals/sec
   9         41          0    0.256      160
********************************************************************************
   n      goals      nodes     time goals/sec
   9         41          0    0.416       99
********************************************************************************
   n      goals      nodes     time goals/sec
   9         41          0    0.418       98
********************************************************************************
   n      goals      nodes     time goals/sec
********************************************************************************
   n      goals      nodes     time goals/sec
********************************************************************************
   n      goals      nodes     time goals/sec
********************************************************************************
   n      goals      nodes     time goals/sec
********************************************************************************
   n      goals      nodes     time goals/sec
********************************************************************************
   n      goals      nodes     time goals/sec
********************************************************************************
   n      goals      nodes     time goals/sec
   9         66          0    0.482      137
********************************************************************************
   n      goals      nodes     time goals/sec
   9         40          0    0.256      156
********************************************************************************
   n      goals      nodes     time goals/sec
   9         31          0    0.175      178
********************************************************************************
     goals      nodes     time goals/sec
        79          0    0.579      136
********************************************************************************
     goals      nodes     time goals/sec
       545          0    4.674      117
********************************************************************************
     goals      nodes     time goals/sec
        53          0    0.311      171
********************************************************************************
     goals      nodes     time goals/sec
        42          0    0.262      160
********************************************************************************
     goals      nodes     time goals/sec
       434          0    3.706      117
